price,volRemaining,typeID,range,orderID,volEntered,minVolume,bid,issueDate,duration,stationID,regionID,solarSystemID,jumps,
20000000.0,1.0,12032,32767,6264081451,1,1,False,2022-05-19 15:54:14.000,90,60013141,10000002,30000194,10,
21790000.0,5.0,12032,32767,6299687737,5,1,False,2022-07-13 08:32:27.000,90,60003760,10000002,30000142,0,
21790000.0,3.0,12032,32767,6299687775,3,1,False,2022-07-13 08:32:35.000,90,60003760,10000002,30000142,0,
21790000.0,2.0,12032,32767,6299687799,2,1,False,2022-07-13 08:32:42.000,90,60003760,10000002,30000142,0,
21800000.0,1.0,12032,32767,6299664818,2,1,False,2022-07-13 07:22:26.000,90,60003760,10000002,30000142,0,
21810000.0,2.0,12032,32767,6297530778,2,1,False,2022-07-13 03:10:05.000,90,60003757,10000002,30000142,0,
21820000.0,31.0,12032,32767,6299394531,40,1,False,2022-07-12 18:59:27.000,90,60003760,10000002,30000142,0,
21870000.0,2.0,12032,32767,6298072989,6,1,False,2022-07-12 14:17:37.000,90,60003760,10000002,30000142,0,
21900000.0,3.0,12032,32767,6299220613,4,1,False,2022-07-12 13:20:31.000,90,60003760,10000002,30000142,0,
21920000.0,6.0,12032,32767,6297822965,6,1,False,2022-07-12 12:12:16.000,90,60003760,10000002,30000142,0,
21940000.0,20.0,12032,32767,6297934907,23,1,False,2022-07-12 11:55:09.000,90,60003760,10000002,30000142,0,
22000000.0,1.0,12032,32767,6299057350,2,1,False,2022-07-12 05:12:05.000,30,60003760,10000002,30000142,0,
23720000.0,4.0,12032,32767,6299171055,4,1,False,2022-07-12 11:23:13.000,90,60003760,10000002,30000142,0,
23760000.0,10.0,12032,32767,6297688207,13,1,False,2022-07-12 03:25:15.000,90,60003760,10000002,30000142,0,
24020000.0,1.0,12032,32767,6298096192,1,1,False,2022-07-10 16:25:36.000,90,60003760,10000002,30000142,0,
24200000.0,5.0,12032,32767,6297948956,5,1,False,2022-07-10 12:34:46.000,30,60003760,10000002,30000142,0,
24300000.0,1.0,12032,32767,6297858653,3,1,False,2022-07-10 12:01:53.000,90,60003760,10000002,30000142,0,
24330000.0,2.0,12032,32767,6297855216,2,1,False,2022-07-10 09:20:12.000,90,60003760,10000002,30000142,0,
24350000.0,3.0,12032,32767,6297830021,5,1,False,2022-07-10 08:28:18.000,90,60003760,10000002,30000142,0,
24400000.0,6.0,12032,32767,6297729324,17,1,False,2022-07-10 04:08:23.000,90,60003760,10000002,30000142,0,
24520000.0,2.0,12032,32767,6295852322,5,1,False,2022-07-09 23:50:57.000,90,60003760,10000002,30000142,0,
24610000.0,1.0,12032,32767,6299291242,1,1,False,2022-07-12 15:49:06.000,90,60003760,10000002,30000142,0,
24910000.0,1.0,12032,32767,6297052645,1,1,False,2022-07-09 12:49:11.000,90,60003760,10000002,30000142,0,
25000000.0,5.0,12032,32767,6297156637,7,1,False,2022-07-09 09:37:38.000,90,60003760,10000002,30000142,0,
27300000.0,6.0,12032,32767,6296284848,7,1,False,2022-07-07 21:25:13.000,90,60003760,10000002,30000142,0,
27560000.0,7.0,12032,32767,6295226580,7,1,False,2022-07-07 10:13:32.000,90,60003760,10000002,30000142,0,
27560000.0,4.0,12032,32767,6295226593,4,1,False,2022-07-07 10:13:58.000,90,60003760,10000002,30000142,0,
27560000.0,3.0,12032,32767,6295226619,3,1,False,2022-07-07 10:14:06.000,90,60003760,10000002,30000142,0,
27690000.0,2.0,12032,32767,6295833971,2,1,False,2022-07-07 04:04:40.000,90,60003760,10000002,30000142,0,
27700000.0,10.0,12032,32767,6295294031,15,1,False,2022-07-07 03:13:06.000,90,60003760,10000002,30000142,0,
27980000.0,1.0,12032,32767,6295784303,1,1,False,2022-07-07 01:16:24.000,30,60003760,10000002,30000142,0,
32910000.0,1.0,12032,32767,6195025872,1,1,False,2022-04-26 13:03:49.000,90,60002359,10000002,30000180,6,
290000000.0,5.0,12032,32767,6295064141,5,1,False,2022-07-05 19:50:43.000,90,60003760,10000002,30000142,0,
1000000000.0,5.0,12032,32767,6295014930,5,1,False,2022-07-05 18:24:55.000,90,60003760,10000002,30000142,0,
20650000.0,2.0,12032,-1,6296063145,2,1,True,2022-07-12 21:24:49.000,90,60003760,10000002,30000142,0,
20620000.0,2.0,12032,1,6295948701,5,1,True,2022-07-12 19:07:38.000,90,1028858195912,10000002,30000144,1,
20600000.0,2.0,12032,1,6296501686,2,1,True,2022-07-12 14:42:47.000,90,1028858195912,10000002,30000144,1,
20570000.0,7.0,12032,1,6297285229,7,1,True,2022-07-12 01:18:50.000,90,60003760,10000002,30000142,0,
20430000.0,5.0,12032,1,6296560877,5,1,True,2022-07-11 13:01:12.000,90,1028858195912,10000002,30000144,1,
20410000.0,3.0,12032,1,6297817243,5,1,True,2022-07-11 10:07:39.000,90,1028858195912,10000002,30000144,1,
20200000.0,2.0,12032,-1,6293024580,3,1,True,2022-07-11 00:59:51.000,90,60003760,10000002,30000142,0,
20080000.0,5.0,12032,1,6298211848,5,1,True,2022-07-10 19:23:44.000,90,1028858195912,10000002,30000144,1,
18940000.0,7.0,12032,1,6296364695,8,1,True,2022-07-09 05:29:38.000,14,1028858195912,10000002,30000144,1,
18190000.0,1.0,12032,-1,6295469532,1,1,True,2022-07-06 14:29:19.000,90,60003760,10000002,30000142,0,
18190000.0,10.0,12032,-1,6295470051,10,1,True,2022-07-06 14:30:16.000,90,60003760,10000002,30000142,0,
18170000.0,5.0,12032,-1,6295337309,5,1,True,2022-07-06 08:54:02.000,30,60003760,10000002,30000142,0,
18100000.0,10.0,12032,-1,6286705989,10,1,True,2022-07-06 06:39:50.000,90,60003760,10000002,30000142,0,
17170000.0,9.0,12032,5,6287742742,10,1,True,2022-07-07 03:39:01.000,90,1028858195912,10000002,30000144,1,
17160000.0,20.0,12032,1,6294159390,20,1,True,2022-07-05 11:38:09.000,90,1028858195912,10000002,30000144,1,
17080000.0,2.0,12032,1,6294392217,2,1,True,2022-07-04 17:49:42.000,90,1028858195912,10000002,30000144,1,
16370000.0,3.0,12032,-1,6288523176,5,1,True,2022-07-02 20:52:06.000,90,60003760,10000002,30000142,0,
16060000.0,5.0,12032,1,6290088623,5,1,True,2022-06-27 14:34:13.000,90,60003760,10000002,30000142,0,
15680000.0,4.0,12032,1,6287025004,5,1,True,2022-06-23 16:14:52.000,90,1028858195912,10000002,30000144,1,
15620000.0,5.0,12032,-1,6287101830,5,1,True,2022-06-22 20:43:48.000,90,60003760,10000002,30000142,0,
15450000.0,2.0,12032,1,6267818716,2,1,True,2022-05-24 19:17:05.000,90,1028858195912,10000002,30000144,1,
15440000.0,5.0,12032,-1,6256814235,5,1,True,2022-05-09 07:45:19.000,90,60003760,10000002,30000142,0,
15370000.0,22.0,12032,1,6283201118,22,1,True,2022-06-16 20:19:46.000,90,1028858195912,10000002,30000144,1,
15350000.0,16.0,12032,1,6247499063,35,1,True,2022-04-25 17:42:18.000,90,1028858195912,10000002,30000144,1,
15320000.0,6.0,12032,-1,6254272685,6,1,True,2022-05-05 20:57:06.000,90,60003760,10000002,30000142,0,
15310000.0,10.0,12032,-1,6253849394,10,1,True,2022-05-05 06:42:29.000,90,60003760,10000002,30000142,0,
7000000.0,2.0,12032,32767,6287361307,3,1,True,2022-06-23 09:00:31.000,90,1028858195912,10000002,30000144,1,
1869000.0,20.0,12032,32767,6289794340,20,1,True,2022-06-27 00:22:49.000,90,60003760,10000002,30000142,0,
29990.0,20.0,12032,10,6288187894,20,1,True,2022-06-24 17:19:05.000,90,60003760,10000002,30000142,0,
